[-0.01696494  0.03344083 -0.04269405  0.05772239 -0.14794822 -0.0131121
 -0.04461346 -0.11049189  0.09312084 -0.04264972  0.15886921 -0.01886418
 -0.2453911  -0.05008873  0.02184234  0.10284415 -0.15606254 -0.07553639
 -0.12785347 -0.07734403 -0.06340281 -0.03303285  0.11316544 -0.00170161
 -0.12510748 -0.24005719 -0.11857639 -0.12203573  0.17913511 -0.05578305
  0.02564365  0.07206233 -0.19329333 -0.05933581  0.05874225  0.12535807
 -0.08516688 -0.06092468  0.26087597 -0.02654507 -0.16271721 -0.00253588
  0.0778614   0.18318912  0.2522741   0.02558061  0.00968415 -0.04882256
  0.0934689  -0.19596583  0.11139023  0.18157834  0.17217173  0.10482369
  0.04459414 -0.11519483  0.05460118  0.20310344 -0.16053598  0.07238346
  0.09267434 -0.06425567 -0.01067819 -0.01793561  0.13799602  0.05988343
 -0.05761016 -0.13524401  0.17232507 -0.2236553  -0.05655806  0.11783899
 -0.11924548 -0.13246711 -0.33082435 -0.03440102  0.37370566  0.17873216
 -0.05847077  0.00178713 -0.03253312 -0.11943407 -0.06955353  0.05512841
 -0.11774444 -0.1043878  -0.07727095  0.04569305  0.19380753 -0.04047148
  0.03182826  0.1865969  -0.0052049  -0.00418566 -0.02915174  0.00767732
 -0.09633154 -0.09116916 -0.06638469 -0.1195502   0.03962832 -0.16483299
  0.05750339  0.1168179  -0.21507832  0.13560724 -0.04610914 -0.00532013
  0.05745738 -0.00166271 -0.0587558   0.01366278  0.25308931 -0.19983406
  0.21905281  0.18800777  0.0032173   0.03789587  0.08629896  0.13285951
 -0.05736967 -0.03062291 -0.17581014 -0.09687175 -0.06160382 -0.05712738
  0.04482306  0.07336347]