[-0.06033493  0.04382914  0.06826981 -0.10294654 -0.02854969 -0.03162347
 -0.04312034  0.01752571  0.10252197 -0.07449315  0.18985528 -0.03246737
 -0.2715441  -0.02731999 -0.03758818  0.11196959 -0.06423046 -0.04514877
 -0.18833655 -0.11436432  0.01509467  0.0483987  -0.01700751 -0.04111068
 -0.08251144 -0.29277611 -0.06647872 -0.05693448 -0.0089299  -0.16923295
  0.02105655  0.04461115 -0.07325304 -0.03381342  0.01120367  0.09260198
 -0.04811757 -0.06650109  0.17425504  0.05977251 -0.12096838  0.03117709
  0.07883233  0.26047033  0.17292199  0.08496696  0.02724788 -0.09014132
  0.08475339 -0.28843495  0.05017824  0.12081694  0.06624604  0.09435216
  0.16041501 -0.11205009  0.04041838  0.05138315 -0.14827046  0.04756404
  0.07328527 -0.08853601 -0.13478756 -0.13004602  0.16373132  0.08445232
 -0.12854491 -0.06635343  0.18106148 -0.14190401 -0.06069762  0.0358805
 -0.07809227 -0.1196346  -0.21432447  0.09741928  0.31381837  0.18000697
 -0.12193934  0.03417823 -0.02933417 -0.02785845  0.02779908  0.04761156
 -0.09865129 -0.02943127  0.01308606  0.07356387  0.1259502  -0.03603236
  0.03493626  0.14322507  0.0144586   0.04265661  0.00100128  0.00491994
 -0.09847462 -0.00410366 -0.09008318  0.04359981  0.14405462 -0.15908422
  0.05771311  0.05687154 -0.14312515  0.12650332 -0.02436043 -0.06958875
  0.08736601  0.05052794 -0.05888268 -0.02598294  0.17252095 -0.22752114
  0.17262207  0.22846052  0.01887696  0.06570277  0.10005586  0.14213045
  0.01961484  0.02672015 -0.16523077 -0.09881972 -0.02372792  0.02489778
 -0.0363413   0.02676865]