[-0.11651443  0.09348244  0.09189618 -0.01000287 -0.07128714  0.04343309
 -0.06526828 -0.04600082  0.0399504  -0.16710593  0.15392049  0.01463799
 -0.13425267  0.00059358  0.06624117  0.1665581  -0.11877856 -0.10070196
 -0.14597574 -0.05495676 -0.00061882  0.15072377 -0.04151143  0.01251361
 -0.15780208 -0.27901757 -0.01709493 -0.0484713   0.05228546  0.04330698
 -0.05801455 -0.02663415 -0.11077003  0.05571263  0.0416322   0.14170997
 -0.0378147  -0.01426872  0.11288399  0.01784972 -0.19755761  0.06251973
  0.02942492  0.30654505  0.23659882  0.01614804  0.05737499 -0.0293128
  0.10677671 -0.26686889  0.06312443  0.0327342   0.10033333  0.090188
  0.0270625  -0.15703294  0.01850441  0.17762794 -0.19658203  0.12576294
  0.07490125 -0.12815768  0.01136028 -0.02522009  0.26107809  0.10517117
 -0.14702389 -0.16681893  0.15137284 -0.20717321 -0.03929912  0.02974662
 -0.09064034 -0.13536163 -0.29977897  0.05994251  0.35302478  0.15008152
 -0.17558926  0.00606534  0.00457099  0.04548241  0.12866215  0.10608549
 -0.03377171 -0.09904685 -0.06510041 -0.00456393  0.28791103 -0.01478487
  0.00550753  0.23169324  0.04503302 -0.09332362  0.02379916  0.03836285
 -0.0737909  -0.02683567 -0.04213031  0.0364312  -0.04272144 -0.19458281
  0.0551118   0.13087438 -0.21165264  0.25554672 -0.07694962  0.06483432
  0.09749982  0.07703681 -0.10479527 -0.07166595  0.19063759 -0.19899853
  0.15356857  0.21679527  0.06746819  0.154642    0.0587127   0.15824232
 -0.01928325  0.09785461 -0.20847131 -0.06484485  0.00423817 -0.09235363
  0.04682137  0.12775354]