[-1.36923030e-01 -3.54878232e-02  6.50562495e-02  1.34364213e-03
  2.02951673e-02 -7.71136656e-02  3.86851728e-02 -1.16754003e-01
  1.66009724e-01 -9.08951908e-02  2.40602702e-01 -3.11220866e-02
 -2.25273475e-01 -1.21043995e-01  4.47249897e-02  6.25142753e-02
 -8.23755413e-02 -1.25590652e-01 -5.53765520e-02 -1.42308086e-01
  5.59269823e-02 -3.53791155e-02  5.78359738e-02  1.32656954e-02
 -1.34322762e-01 -3.27143073e-01 -1.19905934e-01 -1.75240263e-01
 -9.31612495e-03 -5.48578873e-02 -1.00002689e-02  5.94750084e-02
 -2.03287452e-01 -3.56181338e-02 -7.36052692e-02  1.04472518e-01
 -5.57593927e-02 -4.04377691e-02  1.42865941e-01 -2.87259798e-02
 -1.26679868e-01 -8.55924264e-02 -8.26696306e-02  2.09520414e-01
  1.45155028e-01  9.02257953e-03 -1.03175752e-02  2.24848054e-02
 -3.42223328e-04 -2.49138743e-01  1.57833770e-02  1.48068383e-01
  1.09524034e-01  1.78061165e-02  9.02188197e-02 -5.82514778e-02
  4.42841202e-02  3.26352380e-03 -1.58580765e-01  2.79472210e-02
  2.53395978e-02 -1.21040717e-01 -5.35846427e-02 -3.22931074e-02
  2.15452805e-01  1.25109270e-01 -9.32465494e-02 -3.82190011e-02
  1.55283585e-01 -1.52648121e-01 -4.36341166e-02  5.94866835e-02
 -1.25558227e-01 -2.29868382e-01 -2.61661261e-01  6.34384230e-02
  3.91977787e-01  1.19649597e-01 -1.72791496e-01  4.91102822e-02
 -1.46352917e-01  3.20078358e-02  9.31892842e-02 -6.05863519e-04
 -6.54971004e-02  6.90035671e-02 -1.73615918e-01  3.25653590e-02
  1.39162600e-01 -6.53483197e-02 -7.05187172e-02  1.91523880e-01
 -7.64827728e-02  6.63294345e-02  5.91302849e-02  2.08648909e-02
  9.38474946e-03  1.69301406e-04 -8.08599442e-02  1.07148085e-02
  1.47954851e-01 -1.07196741e-01 -2.41506733e-02  5.24795800e-02
 -1.34241566e-01  9.23654661e-02 -4.03130008e-03 -1.63186062e-02
  1.71580017e-02 -1.03729954e-02 -1.40788376e-01 -3.91728543e-02
  1.35068864e-01 -2.66775936e-01  1.61825910e-01  2.05337599e-01
 -4.55404297e-02  1.51845470e-01  2.45719720e-02  5.40341325e-02
 -7.55634531e-02 -5.71802408e-02 -1.98703870e-01 -6.52526468e-02
  3.36258076e-02  6.00924529e-02 -1.04968259e-02  4.41373810e-02]